from_stop_id,to_stop_id,transfer_type,min_transfer_time,from_trip_id,to_trip_id
9022010001036001,9022010001036002,1,,100002000001000001,100600000004000001
9022010001147002,9022010001147002,1,,100002000016000001,100122000007000001
9022010001139002,9022010001139002,1,,100002000018000002,100123000902000001
9022010001139002,9022010001139002,1,,100002000024000004,100123000904000001
9022010001139002,9022010001139002,1,,100002000036000002,100123000906000001
9022010001149001,9022010001149001,1,,100002000066000001,100122000012000004
9022010001139002,9022010001139002,1,,100002000186000002,100123000042000001
9022010001139002,9022010001139002,1,,100002000194000002,100123000044000002
9022010001139002,9022010001139002,1,,100002000808000002,100123000122000001
9022010001139002,9022010001139002,1,,100002000100000003,100123000020000003
9022010001139002,9022010001139002,1,,100002000128000001,100123000028000001
9022010001139002,9022010001139002,1,,100002000142000001,100123000032000001
9022010001139002,9022010001139002,1,,100002000150000001,100123000034000001
9022010001147002,9022010001147001,1,,100002000158000001,100122000904000001
9022010001139002,9022010001139002,1,,100002000872000001,100123000138000001
9022010001147002,9022010001147002,1,,100002000002000001,100122000001000002
9022010001149001,9022010001149001,1,,100002000012000001,100122000006000001
9022010001139002,9022010001139002,1,,100002000012000001,100123000004000001
9022010001139002,9022010001139002,1,,100002000030000001,100123000006000002
9022010001147002,9022010001147001,1,,100002000054000002,100122000010000003
9022010001149001,9022010001149001,1,,100002000054000002,100122000010000003
9022010001149001,9022010001149001,1,,100002000078000003,100120000002000001
9022010001149001,9022010001149001,1,,100002000078000003,100122000014000002
9022010001139002,9022010001139002,1,,100002000096000001,100123000018000002
9022010001139002,9022010001139002,1,,100002000208000001,100123000048000001
9022010001139002,9022010001139002,1,,100002000914000002,100123000124000002
9022010001149001,9022010001149001,1,,100002000038000001,100122000008000001
9022010001139002,9022010001139002,1,,100002000042000002,100123000008000001
9022010001139002,9022010001139002,1,,100002000048000002,100123000908000001
9022010001147002,9022010001147001,1,,100002000134000001,100122000902000001
9022010001139002,9022010001139002,1,,100002000134000001,100123000030000001
9022010001139002,9022010001139002,1,,100002000162000001,100123000036000001
9022010001139002,9022010001139002,1,,100002000200000002,100123000046000002
9022010001304002,9022010001304002,1,,100004000038000004,100172000008000002
9022010001304002,9022010001304002,1,,100004000090000003,100172000016000003
9022010001304002,9022010001304002,1,,100004000016000002,100173000004000002
9022010001304002,9022010001304002,1,,100004000060000001,100172000010000002
9022010001304002,9022010001304002,1,,100004000580000002,100171000002000001
9022010001304002,9022010001304002,1,,100004000580000002,100172000012000001
9022010001304002,9022010001304002,1,,100004000580000002,100172000014000002
9022010001304002,9022010001304002,1,,100004000014000001,100172000004000001
9022010001304002,9022010001304002,1,,100004000040000002,100173000006000002
9022010001304002,9022010001304002,1,,100004000052000001,100173000008000001
9022010001304002,9022010001304002,1,,100004000076000004,100173000012000002
9022010001304002,9022010001304002,1,,100004000134000001,100172000904000001
9022010001304002,9022010001304002,1,,100004000004000002,100173000002000002
9022010001304002,9022010001304002,1,,100004000006000004,100172000002000001
9022010001304002,9022010001304002,1,,100004000020000002,100172000006000001
9022010001304002,9022010001304002,1,,100004000064000001,100173000010000002
9022010001304002,9022010001304002,1,,100004000080000002,100171000002000001
9022010001304002,9022010001304002,1,,100004000080000002,100172000012000001
9022010001304002,9022010001304002,1,,100004000080000002,100172000014000002
9022010001304002,9022010001304002,1,,100004000094000002,100173000014000002
9022010001304002,9022010001304002,1,,100004000142000001,100173000902000001
9022010001304002,9022010001304002,1,,100004000146000001,100172000906000001
9022010001304002,9022010001304002,1,,100004000150000001,100173000904000001
9022010001491002,9022010001491002,1,,100005000103000003,100154000020000001
9022010001491002,9022010001491002,1,,100005000145000001,100154000030000001
9022010001491002,9022010001491002,1,,100005000169000001,100154000034000001
9022010001491002,9022010001491002,1,,100005000215000002,100154000044000002
9022010001403001,9022010001403001,1,,100005000007000002,100154000006000001
9022010001491002,9022010001491002,1,,100005000051000002,100154000010000004
9022010001491002,9022010001491002,1,,100005000187000001,100154000038000001
9022010001403001,9022010001403002,1,,100005000187000001,100154000038000001
9022010001491002,9022010001491002,1,,100005000157000001,100154000032000001
9022010001491002,9022010001491002,1,,100005000173000001,100154000036000001
9022010001491002,9022010001491002,1,,100005000191000002,100154000040000002
9022010001491002,9022010001491002,1,,100005000199000002,100154000042000002
9022010001403001,9022010001403001,1,,100005000027000001,100154000008000003
9022010001491002,9022010001491002,1,,100005000115000002,100154000022000001
9022010001491002,9022010001491002,1,,100005000133000001,100154000028000001
9022010001429002,9022010001429002,1,,100005000078000002,100153000002000001
9022010001041001,9022010001041002,1,,100006000011000001,100012000003000003
9022010001041001,9022010001041001,1,,100006000513000001,100012000001000001
9022010001041001,9022010001041001,1,,100006000515000001,100012000001000001
9022010001041002,9022010001041002,1,,100006000068000003,100003000560000002
9022010001041002,9022010001041002,1,,100006000064000002,100003000556000003
9022010001041002,9022010001041002,1,,100006000078000001,100003000576000001
9022010001041002,9022010001041002,1,,100006000088000001,100003000092000002
9022010001041002,9022010001041002,1,,100006000074000002,100003000568000002
9022010001041002,9022010001041002,1,,100006000090000002,100003000094000003
9022010001041002,9022010001041002,1,,100006000072000001,100003000564000003
9022010001041002,9022010001041002,1,,100006000076000001,100003000572000002
9022010001041001,9022010001041002,1,,100012000014000004,100123000110000002
9022010001041001,9022010001041002,1,,100012000020000002,100123000012000001
9022010001041001,9022010001041002,1,,100012000022000004,100123000014000001
9022010001041001,9022010001041001,1,,100020000009000003,100006000005000001
9022010001041001,9022010001041001,1,,100020000017000002,100006000513000001
9022010001041001,9022010001041001,1,,100020000017000002,100006000515000001
9022010002000002,9022010002000001,1,,100022000001000005,100600000045000002
9022010002000002,9022010002000001,1,,100022000103000001,100600000005000001
9022010003010001,9022010003010001,1,,100031000519000001,100600000023000001
9022010003010001,9022010003010001,1,,100031000523000003,100600000025000001
9022010003010001,9022010003010001,1,,100031000527000001,100600000027000003
9022010003010001,9022010003010001,1,,100031000531000001,100600000029000001
9022010003010001,9022010003010001,1,,100031000539000001,100600000037000001
9022010003010001,9022010003010001,1,,100031000011000001,100600000015000002
9022010003010001,9022010003010001,1,,100031000503000001,100600000013000001
9022010003010001,9022010003010001,1,,100031000713000002,100600000009000001
9022010003010001,9022010003010001,1,,100031000001000002,100600000003000002
9022010003010001,9022010003010001,1,,100031000005000001,100600000009000001
9022010003010001,9022010003010001,1,,100031000507000004,100600000017000002
9022010003010001,9022010003010001,1,,100031000511000001,100600000019000003
9022010003010001,9022010003010001,1,,100031000515000001,100600000021000001
9022010003010001,9022010003010001,1,,100031000535000001,100600000031000003
9022010003010001,9022010003010001,1,,100032000001000002,100600000003000002
9022010003010001,9022010003010001,1,,100032000701000001,100600000007000003
9022010003010001,9022010003010001,1,,100032000705000001,100600000013000001
9022010001304002,9022010001304002,1,,100040000054000001,100173000008000001
9022010001304002,9022010001304002,1,,100040000066000002,100173000010000002
9022010001304002,9022010001304002,1,,100040000078000002,100173000012000002
9022010001147001,9022010001147001,1,,100120000005000001,100020000025000001
9022010001149001,9022010001149001,1,,100122000103000002,100002000019000001
9022010001147002,9022010001147001,1,,100122000103000002,100002000015000003
9022010001147002,9022010001147001,1,,100122000103000002,100002000019000001
9022010001148002,9022010001148001,1,,100122000103000002,100500000001000002
9022010001147002,9022010001147001,1,,100122000103000002,100500000001000002
9022010001149001,9022010001149001,1,,100122000007000001,100002000033000001
9022010001149001,9022010001149001,1,,100122000007000001,100002000035000002
9022010001147002,9022010001147001,1,,100122000007000001,100002000033000001
9022010001147002,9022010001147001,1,,100122000007000001,100500000003000001
9022010001149001,9022010001149001,1,,100122000009000001,100002000059000001
9022010001149001,9022010001149001,1,,100122000009000001,100002000061000003
9022010001149001,9022010001149001,1,,100122000901000001,100002000125000001
9022010001147001,9022010001147001,1,,100122000005000001,100002000029000002
9022010001149001,9022010001149001,1,,100122000011000003,100002000075000003
9022010001149001,9022010001149001,1,,100122000011000003,100002000077000004
9022010001149001,9022010001149001,1,,100122000013000002,100002000087000002
9022010001148001,9022010001148001,1,,100122000013000002,100500000015000002
9022010001149001,9022010001149001,1,,100122000001000002,100002000007000004
9022010001147002,9022010001147001,1,,100122000001000002,100002000007000004
9022010001149001,9022010001149001,1,,100122000903000001,100002000149000001
9022010001941003,9022010001941003,1,,100123000005000002,100918000003000001
9022010001139001,9022010001139001,1,,100123000011000001,100002000053000002
9022010001139001,9022010001139001,1,,100123000019000002,100002000097000003
9022010001139001,9022010001139001,1,,100123000027000001,100002000133000001
9022010001139001,9022010001139001,1,,100123000029000001,100002000143000001
9022010001139001,9022010001139001,1,,100123000039000001,100002000187000002
9022010001139001,9022010001139001,1,,100123000901000001,100002000041000004
9022010001139001,9022010001139001,1,,100123000023000001,100002000117000001
9022010001139001,9022010001139001,1,,100123000025000001,100002000125000001
9022010001139001,9022010001139001,1,,100123000037000002,100002000181000001
9022010001941003,9022010001941003,1,,100123000115000001,100918000007000001
9022010001139001,9022010001139001,1,,100123000133000001,100002000163000001
9022010001941003,9022010001941003,1,,100123000001000002,100918000001000001
9022010001941003,9022010001941003,1,,100123000007000002,100918000005000001
9022010001139001,9022010001139001,1,,100123000017000001,100002000083000001
9022010001139001,9022010001139001,1,,100123000031000001,100002000153000001
9022010001139001,9022010001139001,1,,100123000041000001,100002000195000001
9022010001139001,9022010001139001,1,,100123000121000002,100002000105000001
9022010001139001,9022010001139001,1,,100123000903000001,100002000047000001
9022010001139001,9022010001139001,1,,100123000905000001,100002000059000001
9022010001139001,9022010001139001,1,,100123000013000001,100002000065000001
9022010001139001,9022010001139001,1,,100123000035000001,100002000171000002
9022010001139001,9022010001139001,1,,100123000907000001,100002000077000004
9022010001941003,9022010001941003,1,,100123000102000001,100123000102000001
9022010001941003,9022010001941003,1,,100123000102000001,100918000003000001
9022010001941003,9022010001941003,1,,100123000110000002,100123000110000002
9022010001941003,9022010001941003,1,,100123000110000002,100918000007000001
9022010001941003,9022010001941003,1,,100123000002000001,100123000002000001
9022010001941003,9022010001941003,1,,100123000002000001,100918000003000001
9022010001941003,9022010001941003,1,,100123000004000001,100123000004000001
9022010001941003,9022010001941003,1,,100123000012000001,100123000012000001
9022010001941003,9022010001941003,1,,100123000012000001,100918000009000001
9022010001941003,9022010001941003,1,,100123000014000001,100123000014000001
9022010001032001,9022010001032001,1,,100129000001000001,100020000017000002
9022010001032001,9022010001032001,1,,100129000001000001,100006000009000002
9022010001032001,9022010001032001,1,,100129000001000001,100006000513000001
9022010002301002,9022010002301003,1,,100150000021000001,100256000018000001
9022010002301002,9022010002301003,1,,100150000023000001,100255000029000003
9022010002301002,9022010002301003,1,,100150000017000001,100256000002000001
9022010002000002,9022010002000002,1,,100150000008000005,100022000008000003
9022010002000002,9022010002000002,1,,100150000012000005,100022000010000001
9022010001404002,9022010001404002,1,,100150000006000001,100154000008000003
9022010002301001,9022010002301003,1,,100150000022000001,100255000029000003
9022010001429001,9022010001429001,1,,100153000003000001,100005000015000002
9022010001429001,9022010001429001,1,,100153000001000001,100005000007000002
9022010001403001,9022010001403001,1,,100154000007000003,100005000033000004
9022010001403001,9022010001403001,1,,100154000015000002,100005000095000001
9022010001403001,9022010001403001,1,,100154000017000001,100005000101000002
9022010001403001,9022010001403001,1,,100154000019000001,100005000107000002
9022010001403001,9022010001403001,1,,100154000023000001,100005000135000001
9022010001403001,9022010001403001,1,,100154000029000001,100005000171000001
9022010001403001,9022010001403001,1,,100154000037000002,100005000217000002
9022010001403001,9022010001403001,1,,100154000111000001,100005000087000001
9022010001403001,9022010001403001,1,,100154000027000001,100005000161000001
9022010001403001,9022010001403001,1,,100154000031000001,100005000175000001
9022010001403001,9022010001403001,1,,100154000025000001,100005000149000001
9022010001403001,9022010001403001,1,,100154000033000002,100005000193000001
9022010001403001,9022010001403001,1,,100154000109000001,100005000059000004
9022010001403001,9022010001403001,1,,100154000035000002,100005000201000002
9022010001304001,9022010001304001,1,,100172000003000002,100004000019000002
9022010001304001,9022010001304001,1,,100172000003000002,100004000519000001
9022010001304001,9022010001304001,1,,100172000001000003,100004000003000002
9022010001304001,9022010001304001,1,,100172000009000001,100004000041000001
9022010001304001,9022010001304001,1,,100172000105000001,100004000019000002
9022010001304001,9022010001304001,1,,100172000905000001,100004000135000001
9022010001304001,9022010001304001,1,,100172000005000001,100004000019000002
9022010001304001,9022010001304001,1,,100172000005000001,100004000519000001
9022010001304001,9022010001304001,1,,100172000901000001,100004000111000001
9022010001304001,9022010001304001,1,,100172000903000001,100004000123000001
9022010001304001,9022010001304001,1,,100172000011000002,100004000047000001
9022010001304001,9022010001304001,1,,100172000015000002,100004000083000002
9022010001328002,9022010001328002,1,,100172000014000002,100174000002000001
9022010001304001,9022010001304001,1,,100173000001000002,100004000007000002
9022010001304001,9022010001304001,1,,100173000009000002,100004000061000001
9022010001304001,9022010001304001,1,,100173000903000001,100004000149000001
9022010001304001,9022010001304001,1,,100173000011000004,100004000079000002
9022010001304001,9022010001304001,1,,100173000901000001,100004000115000001
9022010001304001,9022010001304001,1,,100173000007000002,100004000037000002
9022010001328001,9022010001328001,1,,100174000001000001,100172000005000001
9022010002301003,9022010002301002,1,,100255000001000003,100600000005000001
9022010002301003,9022010002301001,1,,100255000001000003,100600000008000002
9022010002301003,9022010002301001,1,,100255000025000001,100150000022000001
9022010002301003,9022010002301002,1,,100255000025000001,100150000023000001
9022010002301003,9022010002301003,1,,100255000025000001,100256000016000001
9022010002301003,9022010002301003,1,,100255000031000001,100256000002000001
9022010002301003,9022010002301002,1,,100255000031000001,100600000027000003
9022010002301003,9022010002301001,1,,100255000031000001,100600000024000001
9022010002301001,9022010002301002,1,,100255000029000003,100600000031000003
9022010002301001,9022010002301001,1,,100255000029000003,100600000032000001
9022010002301003,9022010002301003,1,,100255000119000001,100256000018000001
9022010002301003,9022010002301002,1,,100255000119000001,100600000029000001
9022010002301003,9022010002301001,1,,100255000119000001,100600000028000001
9022010002000006,9022010002000005,1,,100255000017000003,100026000009000003
9022010002301003,9022010002301001,1,,100255000115000001,100150000022000001
9022010002301003,9022010002301002,1,,100255000115000001,100150000023000001
9022010002301003,9022010002301003,1,,100255000115000001,100256000016000001
9022010002301003,9022010002301002,1,,100256000101000001,100150000003000001
9022010002000006,9022010002000002,1,,100256000103000001,100022000106000003
9022010002301003,9022010002301002,1,,100256000103000001,100600000009000001
9022010002301002,9022010002301002,1,,100256000014000001,100600000035000002
9022010003191001,9022010003191001,1,,100350000003000002,100350000003000002
9022010004143001,9022010004143001,1,,100350000003000002,100433000002000002
9022010003191001,9022010003191001,1,,100350000015000002,100350000015000002
9022010003191001,9022010003191001,1,,100350000011000001,100350000013000001
9022010003191001,9022010003191001,1,,100350000011000001,100600000024000001
9022010003191001,9022010003191001,1,,100350000006000002,100600000006000002
9022010003191001,9022010003191001,1,,100350000008000002,100600000017000002
9022010003191001,9022010003191001,1,,100350000008000002,100600000010000001
9022010003191001,9022010003191001,1,,100350000010000001,100600000023000001
9022010003191001,9022010003191001,1,,100350000010000001,100600000016000001
9022010003191001,9022010003191001,1,,100350000012000001,100600000029000001
9022010003191001,9022010003191001,1,,100350000012000001,100600000022000001
9022010003191001,9022010003191001,1,,100350000016000001,100600000037000001
9022010003191001,9022010003191001,1,,100350000016000001,100600000028000001
9022010003191001,9022010003191001,1,,100350000018000003,100600000041000001
9022010003191001,9022010003191001,1,,100350000018000003,100600000034000002
9022010003191001,9022010003191001,1,,100350000014000002,100600000031000003
9022010003191001,9022010003191001,1,,100350000014000002,100600000024000001
9022010004030001,9022010004030002,1,,100432000003000001,100432000004000002
9022010004030001,9022010004030002,1,,100432000021000001,100432000020000001
9022010004030001,9022010004030002,1,,100432000007000002,100432000008000001
9022010004053001,9022010004053005,1,,100432000011000001,100434000102000001
9022010004053001,9022010004053005,1,,100432000011000001,100434000602000001
9022010004053001,9022010004053005,1,,100432000011000001,100434000604000001
9022010004030001,9022010004030002,1,,100432000013000001,100432000012000002
9022010004030001,9022010004030002,1,,100432000029000004,100432000028000003
9022010004030001,9022010004030002,1,,100432000033000001,100432000032000001
9022010004053001,9022010004053005,1,,100432000035000001,100434000104000001
9022010004053001,9022010004053005,1,,100432000039000001,100434000106000001
9022010004030001,9022010004030002,1,,100432000049000001,100432000148000003
9022010004030001,9022010004030002,1,,100432000053000001,100432000052000001
9022010004030001,9022010004030002,1,,100432000041000002,100432000040000001
9022010004030001,9022010004030002,1,,100432000045000002,100432000044000001
9022010004030001,9022010004030002,1,,100432000057000004,100432000056000001
9022010004053001,9022010004053005,1,,100432000005000002,100434000102000001
9022010004030001,9022010004030002,1,,100432000017000002,100432000016000001
9022010004030001,9022010004030002,1,,100432000037000001,100432000036000001
9022010004030001,9022010004030002,1,,100432000009000002,100432000010000002
9022010004030001,9022010004030002,1,,100432000025000001,100432000024000003
9022010004053001,9022010004053005,1,,100432000043000001,100434000108000001
9022010004053005,9022010004053001,1,,100433000002000002,100432000011000001
9022010004030002,9022010004030001,1,,100433000001000002,100432000005000002
9022010004053005,9022010004053001,1,,100434000102000001,100432000012000002
9022010004053005,9022010004053001,1,,100434000104000001,100432000036000001
9022010004053005,9022010004053005,1,,100434000104000001,100350000012000001
9022010004053005,9022010004053001,1,,100434000602000001,100432000012000002
9022010004053005,9022010004053001,1,,100434000106000001,100432000040000001
9022010004053005,9022010004053005,1,,100434000106000001,100350000014000002
9022010004053005,9022010004053001,1,,100434000604000001,100432000012000002
9022010004053005,9022010004053001,1,,100434000108000001,100432000044000001
9022010004053005,9022010004053005,1,,100434000108000001,100350000016000001
9022010002301002,9022010002301003,1,,100600000007000003,100255000007000001
9022010002301002,9022010002301001,1,,100600000007000003,100255000003000002
9022010003191001,9022010003191001,1,,100600000007000003,100350000001000002
9022010003191001,9022010003191001,1,,100600000017000002,100350000005000002
9022010003191001,9022010003191001,1,,100600000029000001,100350000009000002
9022010002301002,9022010002301003,1,,100600000039000001,100256000006000001
9022010003191001,9022010003191001,1,,100600000041000001,100350000017000003
9022010002301002,9022010002301001,1,,100600000009000001,100255000003000002
9022010002301002,9022010002301003,1,,100600000031000003,100256000014000001
9022010003191001,9022010003191001,1,,100600000031000003,100350000013000001
9022010002301002,9022010002301003,1,,100600000033000001,100256000014000001
9022010002301002,9022010002301003,1,,100600000037000001,100256000006000001
9022010003191001,9022010003191001,1,,100600000037000001,100350000015000002
9022010003191001,9022010003191001,1,,100600000023000001,100350000007000001
9022010002301002,9022010002301003,1,,100600000111000001,100255000007000001
9022010002301002,9022010002301001,1,,100600000111000001,100255000003000002
9022010002301002,9022010002301001,1,,100600000111000001,100256000103000001
9022010002000001,9022010002000002,1,,100600000004000001,100022000004000001
9022010096001002,9022010096001003,1,,100600000006000002,100681000002000002
9022010003191001,9022010003191001,1,,100600000016000001,100350000007000001
9022010096001002,9022010096001003,1,,100600000016000001,100681000006000003
9022010096001002,9022010096001003,1,,100600000020000001,100681000008000001
9022010002301001,9022010002301001,1,,100600000010000001,100255000003000002
9022010003191001,9022010003191001,1,,100600000010000001,100350000005000002
9022010096001002,9022010096001003,1,,100600000012000001,100681000004000005
9022010003191001,9022010003191001,1,,100600000024000001,100350000013000001
9022010096001002,9022010096001003,1,,100600000024000001,100681000012000002
9022010002301001,9022010002301003,1,,100600000032000001,100256000014000001
9022010002301001,9022010002301003,1,,100600000036000001,100256000006000001
9022010003191001,9022010003191001,1,,100600000028000001,100350000015000002
9022010096001002,9022010096001003,1,,100600000028000001,100681000014000005
9022010002301001,9022010002301003,1,,100600000038000002,100256000006000001
9022010002301001,9022010002301003,1,,100600000138000002,100256000006000001
9022010002301001,9022010002301003,1,,100600000030000001,100256000016000001
9022010002000001,9022010002000002,1,,100600000030000001,100022000018000003
9022010002301001,9022010002301003,1,,100600000136000001,100256000006000001
9022010003191001,9022010003191001,1,,100600000022000001,100350000009000002
9022010096001002,9022010096001003,1,,100600000022000001,100681000010000001
9022010002301001,9022010002301003,1,,100600000026000003,100256000018000001
9022010002301001,9022010002301003,1,,100600000034000002,100256000014000001
9022010003191001,9022010003191001,1,,100600000034000002,100350000017000003
9022010096001002,9022010096001003,1,,100600000034000002,100681000016000002
9022010003191001,9022010003191001,1,,100630000003000001,100350000003000002
9022010096001003,9022010096001002,1,,100630000005000001,100600000013000001
9022010003191001,9022010003191001,1,,100630000002000001,100350000001000002
9022010096001003,9022010096001001,1,,100630000006000001,100682000012000004
9022010006004003,9022010006004002,1,,100635000003000001,100682000012000004
9022010096001003,9022010096001002,1,,100681000009000003,100600000029000001
9022010096001003,9022010096001002,1,,100681000001000001,100600000007000003
9022010096001003,9022010096001002,1,,100681000005000005,100600000021000001
9022010096001003,9022010096001002,1,,100681000015000003,100600000043000002
9022010096001003,9022010096001002,1,,100681000007000001,100600000025000001
9022010096001003,9022010096001002,1,,100681000011000001,100600000031000003
9022010096001003,9022010096001002,1,,100681000013000004,100600000037000001
9022010096001001,9022010096001003,1,,100682000001000002,100630000003000001
9022010096001001,9022010096001002,1,,100682000013000002,100600000037000001
9022010001941003,9022010001941003,1,,100918000004000001,100123000004000001
9022010001941003,9022010001941003,1,,100918000004000001,100123000007000002
9022010001941003,9022010001941003,1,,100918000006000001,100123000110000002
9022010001941003,9022010001941003,1,,100918000006000001,100123000115000001
9022010001941003,9022010001941003,1,,100918000010000001,100123000017000001
9022010001941003,9022010001941003,1,,100918000010000001,100123000014000001
9022010001941003,9022010001941003,1,,100918000002000001,100123000102000001
9022010001941003,9022010001941003,1,,100918000002000001,100123000002000001
9022010001941003,9022010001941003,1,,100918000008000001,100123000012000001
